era5_daily_la <- c(10013254,
            10013695,
            10013780,
            10014197,
            10014368,
            10014473,
            10014692,
            10014721,
            10014753,
            10014770,
            10014789,
            10020496,
            10020519,
            10020529,
            10020538,
            10020551,
            10020599,
            10020662,
            10020678,
            10020689,
            10020858,
            10021121,
            10021299,
            10021666,
            10021705,
            10021942,
            10021942,
            10022016,
            10022060,
            10022144,
            10022314,
            10022535,
            10022545,
            10022560,
            10022570,
            10022578,
            10022588,
            10022592,
            10022606,
            10022631,
            10022640,
            10032813,
            10032858,
            10033250,
            10033275,
            10033305,
            10033352,
            10033754,
            10033834,
            10033982,
            10033994,
            10034035,
            10034076,
            10034109,
            10034144,
            10034178,
            10034203,
            10034282,
            10034321,
            10034369,
            10034385,
            10034411,
            10034442,
            10034493,
            10034522,
            10034540,
            10034597,
            10034629,
            10036122,
            10036131,
            10036152,
            10036161,
            10036167,
            10889682)

era5_daily_africa <- c(11396191,
                11396136,
                11396006,
                11395872,
                11395849,
                11395817,
                11395763,
                11395740,
                11395696,
                11395677,
                11388406,
                11388334,
                11387789,
                11387738,
                11387688,
                11387618,
                11387580,
                11387536,
                11387451,
                11387376,
                11235544,
                11234867,
                11234849,
                11234745,
                11234713,
                11234671,
                11234651,
                11234232,
                11233620,
                11232951,
                11127111,
                11127089,
                11126935,
                11126924,
                11126908,
                11126889,
                11126864,
                11126841,
                11126820,
                11126794,
                11126758,
                11126741,
                11126723,
                11105116,
                12087290,
                12087488,
                12087736,
                12088006,
                12088301,
                12088798,
                12089236,
                12089641,
                12089903,
                12093490)
